16 16
1 0 0 1 3
2 0 0 1 13
3 0 0 2 3
4 0 0 3 2
5 0 1 4 1
6 0 1 5 2
7 0 1 16 1
8 0 1 16 14
9 0 1 8 3
10 0 1 19 13
11 0 1 20 2
12 0 1 21 13
13 0 1 21 14
14 0 1 15 13
15 0 2 5 1
16 0 2 6 3
17 0 2 17 14
18 0 2 9 14
19 0 2 19 2
20 0 2 20 2
21 0 2 10 13
22 0 2 11 1
23 0 2 11 14
24 0 2 12 1
25 0 2 15 1
26 0 3 4 2
27 0 3 4 3
28 0 3 5 3
29 0 3 6 3
30 0 3 19 14
31 0 3 20 2
32 0 3 12 3
33 0 3 21 2
34 0 3 21 13
35 0 3 22 14
36 0 3 18 13
37 0 13 6 1
38 0 13 7 14
39 0 13 8 14
40 0 13 9 2
41 0 13 9 3
42 0 13 20 1
43 0 13 20 2
44 0 13 20 3
45 0 13 10 1
46 0 13 12 13
47 0 13 21 13
48 0 13 22 13
49 0 14 4 14
50 0 14 5 1
51 0 14 5 2
52 0 14 16 1
53 0 14 19 13
54 0 14 10 13
55 0 14 10 14
56 0 14 21 3
57 0 14 22 1
58 0 14 22 14
59 0 14 15 2
60 0 14 18 3
61 16 6 4 4
62 17 19 4 4
63 5 7 4 5
64 4 21 4 6
65 6 18 4 6
66 17 17 4 6
67 5 4 6 8
68 12 16 4 6
69 18 21 4 6
70 7 7 19 4
71 19 11 4 7
72 17 6 4 8
73 20 10 4 8
74 12 20 4 8
75 21 7 4 8
76 9 17 20 4
77 9 20 4 9
78 7 22 4 19
79 12 7 4 19
80 22 15 4 19
81 9 6 4 20
82 6 6 4 10
83 10 4 10 8
84 4 11 6 9
85 16 17 4 11
86 21 11 4 11
87 22 12 4 11
88 4 15 4 12
89 16 18 4 12
90 22 4 12 10
91 11 4 21 8
92 9 20 4 21
93 9 10 4 21
94 10 15 4 21
95 21 11 17 4
96 15 7 4 15
97 10 9 4 18
98 21 4 18 12
99 15 16 4 18
100 18 15 4 18
101 11 20 5 5
102 5 5 11 22
103 22 9 5 5
104 5 5 18 16
105 20 5 6 10
106 21 5 16 7
107 21 5 16 9
108 10 20 5 16
109 22 8 5 16
110 20 11 5 17
111 11 20 5 17
112 9 5 7 12
113 12 22 5 7
114 17 10 5 8
115 19 11 5 8
116 8 11 8 5
117 22 5 8 18
118 7 15 5 9
119 22 11 5 19
120 18 5 20 21
121 18 5 10 17
122 16 22 5 12
123 17 9 5 12
124 12 12 20 5
125 18 5 21 11
126 15 20 5 21
127 17 16 5 22
128 9 15 5 22
129 10 7 5 22
130 12 21 5 22
131 12 5 15 16
132 11 17 5 15
133 22 5 18 17
134 8 10 5 18
135 10 7 5 18
136 22 12 5 18
137 6 6 12 19
138 16 7 6 16
139 16 8 6 16
140 11 6 16 16
141 15 6 16 9
142 16 6 16 20
143 22 11 6 16
144 15 15 6 16
145 7 10 6 17
146 6 11 6 7
147 6 18 6 7
148 7 17 6 7
149 6 7 20 11
150 8 6 9 16
151 10 18 6 9
152 8 8 6 19
153 8 9 6 19
154 18 22 6 19
155 10 19 19 6
156 11 6 10 19
157 10 18 19 6
158 22 6 12 19
159 21 16 6 12
160 15 15 6 21
161 6 22 16 12
162 22 17 12 6
163 20 8 6 18
164 22 6 18 10
165 16 17 7 10
166 21 16 17 10
167 7 7 16 8
168 16 9 8 20
169 9 15 16 9
170 10 21 16 19
171 19 12 22 16
172 15 8 16 19
173 20 20 20 16
174 12 16 20 11
175 19 15 16 10
176 9 16 11 19
177 17 10 16 12
178 11 22 16 21
179 16 21 21 20
180 22 16 22 19
181 22 16 15 8
182 19 8 16 15
183 17 17 9 21
184 18 19 17 7
185 9 11 17 8
186 21 21 17 8
187 17 9 15 19
188 17 15 17 19
189 9 17 19 7
190 19 22 9 17
191 7 7 17 20
192 12 17 20 20
193 19 17 10 8
194 15 8 17 11
195 18 17 11 15
196 18 20 17 11
197 8 18 17 12
198 9 21 17 12
199 12 12 12 17
200 7 17 21 9
201 21 17 22 15
202 22 18 19 17
203 9 17 15 11
204 11 21 17 15
205 22 7 17 15
206 18 15 17 15
207 18 19 7 7
208 7 8 9 18
209 21 20 7 8
210 9 7 19 8
211 22 20 7 19
212 7 22 7 20
213 21 21 7 10
214 11 7 12 7
215 18 7 11 10
216 18 15 7 11
217 9 20 7 12
218 10 11 7 22
219 8 10 7 15
220 8 22 7 18
221 15 15 7 18
222 15 18 7 18
223 11 18 8 8
224 12 19 8 8
225 22 20 8 8
226 9 20 8 19
227 11 11 8 19
228 21 8 10 9
229 19 18 8 12
230 22 21 8 12
231 11 12 8 21
232 11 15 8 21
233 9 9 9 12
234 22 10 9 19
235 19 10 9 10
236 19 12 9 10
237 20 9 10 11
238 10 22 9 11
239 20 18 9 12
240 15 20 9 12
241 19 15 9 21
242 15 9 21 10
243 19 20 20 11
244 12 21 19 20
245 18 12 19 10
246 22 18 19 15
247 15 18 20 20
248 11 10 20 10
249 15 20 11 10
250 22 15 20 12
251 10 10 18 21
252 11 10 11 21
253 22 12 11 21
254 15 22 12 22
255 22 18 12 18
256 18 21 18 15
