6 12
1 0 0 4 2
2 0 0 2 2
3 0 0 2 2
4 0 0 3 3
5 0 1 8 4
6 0 1 8 4
7 0 3 5 2
8 0 3 8 2
9 0 1 7 2
10 0 1 8 3
11 0 2 8 4
12 0 4 8 1
13 0 4 8 4
14 0 4 8 2
15 0 3 8 1
16 0 1 7 1
17 0 1 5 1
18 0 4 7 1
19 0 3 7 4
20 0 4 7 3
21 0 2 7 3
22 0 4 8 1
23 0 4 8 2
24 0 2 8 1
25 0 1 7 3
26 0 3 6 3
27 0 2 7 4
28 0 2 5 3
29 0 3 8 1
30 0 2 8 4
31 0 1 8 3
32 0 3 7 4
33 8 7 7 7
34 6 6 5 8
35 8 7 6 7
36 6 6 8 7
37 8 8 8 8
38 5 7 7 7
39 7 8 5 5
40 7 7 6 5
41 8 8 7 5
42 8 8 8 5
43 7 6 8 8
44 8 8 7 7
45 8 8 7 7
46 6 8 7 8
47 6 7 8 7
48 6 8 7 5
49 5 7 8 8
50 7 7 7 8
51 5 7 7 7
52 7 8 7 8
53 7 6 5 5
54 8 8 7 6
55 6 6 8 7
56 8 8 5 7
57 8 7 8 7
58 7 7 8 8
59 7 5 6 8
60 7 7 7 8
61 7 7 8 8
62 7 7 7 8
63 7 8 8 8
64 7 8 8 6
65 8 8 7 7
66 6 8 8 8
67 5 7 7 7
68 8 8 7 7
69 8 7 7 7
70 7 7 5 8
71 8 8 7 7
72 6 6 5 7
